11
   115    129     129    139       91     95     105    108
   141    145     153    158      114    115     126    124
   163    164     179    169      143    127     157    130
   187    167     199    155      173    129     191    122
   205    148     224    139      202    115     217    106
   228    132     234    122      222    100     231     84
   131     85     141     75       98     56     108     49
   150     69     168     63      118     46     136     38
   175     63     196     75      152     36     186     44
   206     82     217     97      199     49     212     58
   221    103     228    113      219     66     227     76
